# Data Collection

Two methods were used to collect data: **Google Image web scraping** and **Open Images dataset queries**.

The first method allows us to make precise searches, but results are sometimes irrelevant. The second method provides better quality data (fewer false positives), but the number of available labels limits our search possibilities.

A total of 37,852 images came from Google Image web-scraping and 81,558 from the Open Images dataset, but categories with large numbers of images have been under-sampled.

The number of images per category and per sample is presented in the table below. 

| Category | Train | Validation | Test | Total |
| :------: | :---: | :--------: | :--: | :---: |
| Art | 1558 | 143 | 143 | 1844 |
| Barbecue | 1973 | 181 | 181 | 2335 |
| Bathroom | 3382 | 309 | 309 | 4000 |
| Beach | 3072 | 280 | 280 | 3632 |
| Bedroom | 3382 | 309 | 309 | 4000 |
| Beer | 3382 | 309 | 309 | 4000 |
| Board Games | 1918 | 176 | 176 | 2270 |
| Cleaning | 2083 | 191 | 191 | 2465 |
| Coffee | 3383 | 309 | 308 | 4000 |
| Cooking | 3382 | 309 | 309 | 4000 |
| Flight | 2799 | 255 | 255 | 3309 |
| France | 3383 | 309 | 308 | 4000 |
| Garden | 2687 | 246 | 245 | 3178 |
| Gym | 2810 | 257 | 257 | 3324 |
| Hot | 794 | 73 | 73 | 940 |
| Italy | 3303 | 302 | 302 | 3907 |
| Japan | 1849 | 169 | 169 | 2187 |
| Metro | 3249 | 296 | 296 | 3841 |
| Movie | 1119 | 103 | 103 | 1325 |
| Nature | 3382 | 309 | 309 | 4000 |
| Party | 3382 | 309 | 309 | 4000 |
| Piano | 2786 | 254 | 254 | 3294 |
| Pool | 3382 | 309 | 309 | 4000 |
| Rainy | 1633 | 150 | 150 | 1933 |
| Reading | 3382 | 309 | 309 | 4000 |
| Running | 3384 | 308 | 308 | 4000 |
| Sport | 3223 | 295 | 294 | 3812 |
| Train | 2888 | 263 | 263 | 3414 |
| Traveling | 2910 | 266 | 265 | 3441 |
| Working | 3382 | 309 | 309 | 4000 |
| **Total** | **83242** | **7607** | **7602** | **98451** |